1
1
9
0
(8 0
((0,0,0) (31,31,31) (0,0,0))
((32,0,0) (63,31,31) (0,0,0))
((0,32,0) (31,63,31) (0,0,0))
((32,32,0) (63,63,31) (0,0,0))
((0,0,32) (31,31,63) (0,0,0))
((32,0,32) (63,31,63) (0,0,0))
((0,32,32) (31,63,63) (0,0,0))
((32,32,32) (63,63,63) (0,0,0))
)
8
FabOnDisk: Cell_D_00000 0
FabOnDisk: Cell_D_00000 2359385
FabOnDisk: Cell_D_00000 4718771
FabOnDisk: Cell_D_00000 7078157
FabOnDisk: Cell_D_00001 0
FabOnDisk: Cell_D_00001 2359386
FabOnDisk: Cell_D_00001 4718773
FabOnDisk: Cell_D_00001 7078160

8,9
1.0000000000000000e+00,0.0000000000000000e+00,0.0000000000000000e+00,0.0000000000000000e+00,2.5000000000000004e+00,2.5000000000000004e+00,0.0000000000000000e+00,1.0000000000000000e+00,0.0000000000000000e+00,
1.2500000000000000e-01,0.0000000000000000e+00,0.0000000000000000e+00,0.0000000000000000e+00,2.5000000000000006e-01,2.5000000000000006e-01,0.0000000000000000e+00,1.0000000000000001e-01,0.0000000000000000e+00,
1.0000000000000000e+00,0.0000000000000000e+00,0.0000000000000000e+00,0.0000000000000000e+00,2.5000000000000004e+00,2.5000000000000004e+00,0.0000000000000000e+00,1.0000000000000000e+00,0.0000000000000000e+00,
1.2500000000000000e-01,0.0000000000000000e+00,0.0000000000000000e+00,0.0000000000000000e+00,2.5000000000000006e-01,2.5000000000000006e-01,0.0000000000000000e+00,1.0000000000000001e-01,0.0000000000000000e+00,
1.0000000000000000e+00,0.0000000000000000e+00,0.0000000000000000e+00,0.0000000000000000e+00,2.5000000000000004e+00,2.5000000000000004e+00,0.0000000000000000e+00,1.0000000000000000e+00,0.0000000000000000e+00,
1.2500000000000000e-01,0.0000000000000000e+00,0.0000000000000000e+00,0.0000000000000000e+00,2.5000000000000006e-01,2.5000000000000006e-01,0.0000000000000000e+00,1.0000000000000001e-01,0.0000000000000000e+00,
1.0000000000000000e+00,0.0000000000000000e+00,0.0000000000000000e+00,0.0000000000000000e+00,2.5000000000000004e+00,2.5000000000000004e+00,0.0000000000000000e+00,1.0000000000000000e+00,0.0000000000000000e+00,
1.2500000000000000e-01,0.0000000000000000e+00,0.0000000000000000e+00,0.0000000000000000e+00,2.5000000000000006e-01,2.5000000000000006e-01,0.0000000000000000e+00,1.0000000000000001e-01,0.0000000000000000e+00,

8,9
1.0000000000000000e+00,0.0000000000000000e+00,0.0000000000000000e+00,0.0000000000000000e+00,2.5000000000000004e+00,2.5000000000000004e+00,0.0000000000000000e+00,1.0000000000000000e+00,1.0000000000000000e+00,
1.2500000000000000e-01,0.0000000000000000e+00,0.0000000000000000e+00,0.0000000000000000e+00,2.5000000000000006e-01,2.5000000000000006e-01,0.0000000000000000e+00,1.0000000000000001e-01,1.0000000000000000e+00,
1.0000000000000000e+00,0.0000000000000000e+00,0.0000000000000000e+00,0.0000000000000000e+00,2.5000000000000004e+00,2.5000000000000004e+00,0.0000000000000000e+00,1.0000000000000000e+00,1.0000000000000000e+00,
1.2500000000000000e-01,0.0000000000000000e+00,0.0000000000000000e+00,0.0000000000000000e+00,2.5000000000000006e-01,2.5000000000000006e-01,0.0000000000000000e+00,1.0000000000000001e-01,1.0000000000000000e+00,
1.0000000000000000e+00,0.0000000000000000e+00,0.0000000000000000e+00,0.0000000000000000e+00,2.5000000000000004e+00,2.5000000000000004e+00,0.0000000000000000e+00,1.0000000000000000e+00,1.0000000000000000e+00,
1.2500000000000000e-01,0.0000000000000000e+00,0.0000000000000000e+00,0.0000000000000000e+00,2.5000000000000006e-01,2.5000000000000006e-01,0.0000000000000000e+00,1.0000000000000001e-01,1.0000000000000000e+00,
1.0000000000000000e+00,0.0000000000000000e+00,0.0000000000000000e+00,0.0000000000000000e+00,2.5000000000000004e+00,2.5000000000000004e+00,0.0000000000000000e+00,1.0000000000000000e+00,1.0000000000000000e+00,
1.2500000000000000e-01,0.0000000000000000e+00,0.0000000000000000e+00,0.0000000000000000e+00,2.5000000000000006e-01,2.5000000000000006e-01,0.0000000000000000e+00,1.0000000000000001e-01,1.0000000000000000e+00,

