1
1
9
0
(8 0
((0,0,0) (31,31,31) (0,0,0))
((32,0,0) (63,31,31) (0,0,0))
((0,32,0) (31,63,31) (0,0,0))
((32,32,0) (63,63,31) (0,0,0))
((0,0,32) (31,31,63) (0,0,0))
((32,0,32) (63,31,63) (0,0,0))
((0,32,32) (31,63,63) (0,0,0))
((32,32,32) (63,63,63) (0,0,0))
)
8
FabOnDisk: Cell_D_00000 0
FabOnDisk: Cell_D_00000 2359385
FabOnDisk: Cell_D_00000 4718771
FabOnDisk: Cell_D_00000 7078157
FabOnDisk: Cell_D_00001 0
FabOnDisk: Cell_D_00001 2359386
FabOnDisk: Cell_D_00001 4718773
FabOnDisk: Cell_D_00001 7078160

8,9
8.9926021945087753e-01,0.0000000000000000e+00,0.0000000000000000e+00,0.0000000000000000e+00,2.2123964573991772e+00,2.2083789732173535e+00,3.4226307509867079e-07,8.8335158928694124e-01,0.0000000000000000e+00,
1.2500000000000000e-01,0.0000000000000000e+00,0.0000000000000000e+00,0.0000000000000000e+00,2.5000000000000006e-01,2.5000000000000006e-01,2.7874162157481315e-07,1.0000000000000001e-01,0.0000000000000000e+00,
8.9926021945087753e-01,0.0000000000000000e+00,0.0000000000000000e+00,0.0000000000000000e+00,2.2123964573991772e+00,2.2083789732173535e+00,3.4226307509867079e-07,8.8335158928694124e-01,0.0000000000000000e+00,
1.2500000000000000e-01,0.0000000000000000e+00,0.0000000000000000e+00,0.0000000000000000e+00,2.5000000000000006e-01,2.5000000000000006e-01,2.7874162157481315e-07,1.0000000000000001e-01,0.0000000000000000e+00,
8.9926021945087753e-01,0.0000000000000000e+00,0.0000000000000000e+00,0.0000000000000000e+00,2.2123964573991772e+00,2.2083789732173535e+00,3.4226307509867079e-07,8.8335158928694124e-01,0.0000000000000000e+00,
1.2500000000000000e-01,0.0000000000000000e+00,0.0000000000000000e+00,0.0000000000000000e+00,2.5000000000000006e-01,2.5000000000000006e-01,2.7874162157481315e-07,1.0000000000000001e-01,0.0000000000000000e+00,
8.9926021945087753e-01,0.0000000000000000e+00,0.0000000000000000e+00,0.0000000000000000e+00,2.2123964573991772e+00,2.2083789732173535e+00,3.4226307509867079e-07,8.8335158928694124e-01,0.0000000000000000e+00,
1.2500000000000000e-01,0.0000000000000000e+00,0.0000000000000000e+00,0.0000000000000000e+00,2.5000000000000006e-01,2.5000000000000006e-01,2.7874162157481315e-07,1.0000000000000001e-01,0.0000000000000000e+00,

8,9
1.0000000000000000e+00,8.5003102378528081e-02,0.0000000000000000e+00,0.0000000000000000e+00,2.5000000000000004e+00,2.5000000000000004e+00,3.4842702696851644e-07,1.0000000000000000e+00,1.0000000000000000e+00,
2.2362751995819588e-01,1.4079892840544189e-01,0.0000000000000000e+00,0.0000000000000000e+00,5.3140973528011359e-01,4.8708527502623555e-01,3.0356491775119455e-07,1.9483411001049417e-01,1.0000000000000000e+00,
1.0000000000000000e+00,8.5003102378528081e-02,0.0000000000000000e+00,0.0000000000000000e+00,2.5000000000000004e+00,2.5000000000000004e+00,3.4842702696851644e-07,1.0000000000000000e+00,1.0000000000000000e+00,
2.2362751995819588e-01,1.4079892840544189e-01,0.0000000000000000e+00,0.0000000000000000e+00,5.3140973528011359e-01,4.8708527502623555e-01,3.0356491775119455e-07,1.9483411001049417e-01,1.0000000000000000e+00,
1.0000000000000000e+00,8.5003102378528081e-02,0.0000000000000000e+00,0.0000000000000000e+00,2.5000000000000004e+00,2.5000000000000004e+00,3.4842702696851644e-07,1.0000000000000000e+00,1.0000000000000000e+00,
2.2362751995819588e-01,1.4079892840544189e-01,0.0000000000000000e+00,0.0000000000000000e+00,5.3140973528011359e-01,4.8708527502623555e-01,3.0356491775119455e-07,1.9483411001049417e-01,1.0000000000000000e+00,
1.0000000000000000e+00,8.5003102378528081e-02,0.0000000000000000e+00,0.0000000000000000e+00,2.5000000000000004e+00,2.5000000000000004e+00,3.4842702696851644e-07,1.0000000000000000e+00,1.0000000000000000e+00,
2.2362751995819588e-01,1.4079892840544189e-01,0.0000000000000000e+00,0.0000000000000000e+00,5.3140973528011359e-01,4.8708527502623555e-01,3.0356491775119455e-07,1.9483411001049417e-01,1.0000000000000000e+00,

